15
X X X X X X X X X X X X
0 0 0 0 0 0 0 0 0 0 0 0 0 0 0 0 0 0 0 0
1 1 9 0 9 0 8 0 5 4 5 1 3 4 1 7 2 3 1 6
5 0 5 4 6 0 9 / 6 2 0 7 7 2 8 0 7 2 X 2 6
2 3 6 2 6 3 4 1 1 3 7 0 3 5 X 1 7 1 0
1 / 5 / 1 8 5 0 5 1 3 5 2 1 5 / 2 2 X X X
6 3 X 9 / 6 0 5 0 5 0 3 5 8 / 5 2 5 / 0
X 9 0 0 8 2 0 5 1 8 / 8 1 9 / 3 2 X 4 1
0 1 7 0 0 9 X X 2 0 1 7 5 / 4 / X 0 3
5 2 8 0 X X X 6 3 1 8 0 0 9 0 9 0
1 3 3 / 3 6 8 / 6 / 2 4 9 / 5 2 8 / X 5 3
7 2 3 3 7 / 8 1 X X 5 / X X 9 / 2
5 2 8 1 0 4 6 / 5 1 2 4 9 / 7 / 6 3 4 / X
9 / 3 6 1 / 0 8 2 5 X 8 0 5 1 X 7 1
6 / 2 5 2 4 X 9 / X 5 2 6 / 8 / 7 0