[[1, 3, 2]]
[[1], [2], [3, 6], [4], [5, 7], [8]]
[[1, 2, 6, 3], [4], [5, 7], [8]]
[[1], [2, 6, 3, 4], [5, 7], [8]]
[[1, 4, 6, 8, 3, 7], [2], [5]]
[[1, 4, 6, 2, 5, 8, 3, 7]]
[[1, 6, 3, 2], [4], [5, 7], [8], [9], [10], [11, 12], [13], [14], [15, 16]]
[[1], [2, 6, 3, 7, 5], [4], [8]]
[[1], [2, 6], [3], [4], [5, 7], [8]]
[[1], [2, 6, 3, 5, 7], [4], [8]]
[[1], [2, 6, 3, 8], [4], [5, 7]]

[[1, 2], [3, 4]]
[[1, 2, 3, 4]]
[[1, 2, 3, 4], [5], [6, 7, 8, 9]]
[[1, 2, 3, 4], [5, 10, 6], [7], [8], [9]]
[[1], [2], [3], [4], [5], [6], [7], [8], [9], [10], [11], [12], [13], [14], [15], [16], [17], [18], [19], [20]]
[[1, 3, 2], [4], [5], [6], [7], [8], [9], [10], [11], [12], [13], [14], [15], [16], [17], [18, 20, 19]]
[[1], [2], [3], [4], [5], [6], [7], [8], [9], [10], [11], [12], [13], [14], [15], [16], [17, 20, 19, 18]]
[[1, 4, 3, 2], [5], [6], [7], [8], [9], [10], [11], [12], [13], [14], [15], [16], [17], [18], [19], [20]]
[[1, 20, 19, 18, 17, 16, 15, 14, 13, 12, 11, 10, 9, 8, 7, 6, 5, 4, 3, 2]]