4
7,4,6
0   999 999 999 999
1   0   2   6   3
2   1   0   4   3
3   1   2   4   5
4   3   2   6   5
5   3   4   6   0
6   1   4   0   5
7,4,2
0   999 999 999 999
1   0   2   6   3
2   1   0   3   4
3   1   2   4   5
4   3   2   6   5
5   3   4   6   0
6   1   4   0   5
7,4,6
0   5   6   1   2
1   0   6   3   2
2   0   1   3   4
3   5   1   4   2
4   999 999 999 999
5   4   6   3   0
6   5   4   1   0
8,3,1
0   999 999 999
1   0   3   5
2   3   0   6
3   1   2   7
4   5   6   0
5   1   7   4
6   7   2   4
7   3   6   5