5
7,4,6
0   999 999 999 999
1   0   2   6   3
2   1   0   4   3
3   1   2   4   5
4   3   2   6   5
5   3   4   6   0
6   1   4   0   5
7,4,6
0   5   6   1   2
1   0   6   3   2
2   0   1   3   4
3   5   1   4   2
4   999 999 999 999
5   4   6   3   0
6   5   4   1   0
8,3,1
0   999 999 999
1   0   3   5
2   3   0   6
3   1   2   7
4   5   6   0
5   1   7   4
6   7   2   4
7   3   6   5
16,4,13
0   999 999 999 999
1   0   3   5   9
2   3   0   6   10
3   1   2   7   11
4   5   6   0   12
5   1   7   4   13
6   7   2   4   14
7   5   3   6   15
8   9   10  12  0
9   1   11  13  8
10  11  2   14  8
11  9   3   15  10
12  13  14  4   8
13  9   15  5   12
14  15  10  6   12
15  13  11  7   14
16,4,15
0   8   2   1   4
1   0   3   13  7
2   10  3   0   6
3   2   15  1   5
4   12  5   0   6
5   4   9   3   7
6   14  4   2   7
7   6   5   1   11
8   10  9   12  0
9   8   11  15  5
10  11  8   14  2
11  999 999 999 999
12  8   14  13  4
13  12  15  11  1
14  10  15  12  6
15  14  9   13  3