5
4,2,2
0   999 999
1   0   2
2   1   3
3   2   0
8,3,7
0   999 999 999
1   0   3   5
2   3   0   6
3   1   2   7
4   5   6   0
5   1   7   4
6   7   2   4
7   5   3   6
16,4,15
0   999 999 999 999
1   0   3   5   9
2   3   0   6   10
3   1   2   7   11
4   5   6   0   12
5   1   7   4   13
6   7   2   4   14
7   5   3   6   15
8   9   10  12  0
9   1   11  13  8
10  11  2   14  8
11  9   3   15  10
12  13  14  4   8
13  9   15  5   12
14  15  10  6   12
15  13  11  7   14
64,6,63
0   16  1   4   2   8   32
1   0   19  7   3   11  35
2   18  0   6   3   10  34
3   2   1   5   17  9   33
4   28  5   6   0   12  44
5   4   31  7   3   15  47
6   30  4   7   2   14  46
7   6   5   29  1   13  45
8   24  10  12  0   9   40
9   8   11  15  3   27  43
10  26  11  14  2   8   42
11  10  25  13  1   9   41
12  20  14  13  4   8   36
13  12  15  23  7   11  39
14  22  15  12  6   10  38
15  14  21  13  5   9   37
16  24  18  20  17  0   48
17  16  19  23  27  3   51
18  26  19  22  16  2   50
19  18  25  21  17  1   49
20  28  21  22  16  12  60
21  20  31  23  19  15  63
22  30  20  23  18  14  62
23  22  21  29  17  13  61
24  26  25  28  16  8   56
25  24  27  31  19  11  59
26  27  24  30  18  10  58
27  999 999 999 999 999 999
28  24  30  29  20  4   52
29  28  31  27  23  7   55
30  26  31  28  22  6   54
31  30  25  29  21  5   53
32  0   34  36  33  40  48
33  32  35  39  3   43  51
34  2   35  38  32  42  50
35  34  1   37  33  41  49
36  12  37  38  32  44  60
37  36  15  39  35  47  63
38  14  36  39  34  46  62
39  38  37  13  33  45  61
40  8   41  44  32  42  56
41  40  11  47  35  43  59
42  10  40  46  34  43  58
43  42  41  45  33  9   57
44  4   46  45  36  40  52
45  44  47  7   39  43  55
46  6   47  44  38  42  54
47  46  5   45  37  41  53
48  16  49  52  50  32  56
49  48  19  55  51  35  59
50  18  48  54  51  34  58
51  50  49  53  17  33  57
52  28  53  54  48  44  60
53  52  31  55  51  47  63
54  30  52  55  50  46  62
55  54  53  29  49  45  61
56  24  58  60  48  40  57
57  56  59  63  51  43  27
58  26  59  62  50  42  56
59  58  25  61  49  41  57
60  20  62  61  52  36  56
61  60  63  23  55  39  59
62  22  63  60  54  38  58
63  62  21  61  53  37  57
32,5,31
0   1   16  2   8   4
1   17  0   3   9   5
2   18  0   3   10  6
3   2   1   19  11  7
4   5   20  0   12  7
5   21  4   1   13  6
6   22  5   2   14  7
7   6   4   3   15  23
8   9   10  15  24  0
9   25  11  14  8   1
10  26  11  13  8   2
11  10  27  12  9   3
12  13  15  28  11  4
13  29  14  12  10  5
14  30  15  13  9   6
15  14  31  12  8   7
16  17  20  18  31  0
17  21  16  19  30  1
18  22  16  19  29  2
19  18  17  23  28  3
20  21  23  16  27  4
21  22  20  17  26  5
22  23  21  18  25  6
23  999 999 999 999 999
24  25  26  31  23  8
25  22  27  30  24  9
26  21  27  29  24  10
27  26  20  28  25  11
28  29  31  19  27  12
29  18  30  28  26  13
30  17  31  29  25  14
31  30  16  28  24  15