84 7 58 56 54 55 47 13 10
68 16 30 43 44 19 20 28 14 17 32 23 10 34 22 60 45 38
99 5 36 31 54 47 32
61 17 49 20 53 47 7 55 60 16 11 15 59 48 22 18 3 58 13
53 17 2 21 27 3 46 30 5 53 41 10 52 38 51 12 22 36 11
28 17 5 2 1 4 11 8 20 6 9 16 14 7 15 12 10 3 13
82 11 45 53 13 33 51 26 46 3 20 41 8
99 14 39 50 25 51 20 22 40 17 13 56 15 5 60 30
74 17 31 56 41 23 60 5 24 26 42 8 45 14 2 15 7 40 4
78 17 22 26 1 57 36 31 19 52 43 33 17 20 12 51 45 53 48
99 12 37 19 36 13 12 10 60 27 31 17 5 50
70 17 51 57 5 1 30 35 6 55 7 27 24 40 50 56 13 2 14
59 18 41 46 22 42 51 44 11 21 15 16 35 23 45 20 40 30 5 10
74 18 23 46 54 58 37 19 22 33 27 15 1 34 36 49 26 51 10 60
92 19 14 22 28 10 12 1 4 16 20 5 49 55 7 30 13 40 11 54 31
100 12 60 45 43 11 47 51 30 56 7 22 52 15
78 20 58 17 53 38 42 56 49 39 45 16 37 6 47 19 15 29 9 54 59 51