10
2
1
0 1
4
5
0 1
1 2
2 3
3 0
0 2
5
6
0 2
0 3
0 4
1 2
1 3
1 4
6
8
0 2
0 3
0 4
0 5
1 2
1 3
1 4
1 5
8
12
0 1
0 2
0 4
1 3
1 5
2 3
2 6
3 7
4 5
4 6
5 7
6 7
16
32
0 1
0 2
0 4
0 8
1 3
1 5
1 9
2 3
2 6
2 10
3 7
3 11
4 5
4 6
4 12
5 7
5 13
6 7
6 14
7 15
8 9
8 10
8 12
9 11
9 13
10 11
10 14
11 15
12 13
12 14
13 15
14 15
32
80
0 1
0 2
0 4
0 8
0 16
1 3
1 5
1 9
1 17
2 3
2 6
2 10
2 18
3 7
3 11
3 19
4 5
4 6
4 12
4 20
5 7
5 13
5 21
6 7
6 14
6 22
7 15
7 23
8 9
8 10
8 12
8 24
9 11
9 13
9 25
10 11
10 14
10 26
11 15
11 27
12 13
12 14
12 28
13 15
13 29
14 15
14 30
15 31
16 17
16 18
16 20
16 24
17 19
17 21
17 25
18 19
18 22
18 26
19 23
19 27
20 21
20 22
20 28
21 23
21 29
22 23
22 30
23 31
24 25
24 26
24 28
25 27
25 29
26 27
26 30
27 31
28 29
28 30
29 31
30 31
16
32
0 1
0 2
0 4
0 8
1 3
1 7
1 13
2 3
2 6
2 10
3 5
3 15
4 5
4 6
4 12
5 7
5 9
6 7
6 14
7 11
8 9
8 10
8 12
9 11
9 15
10 11
10 14
11 13
12 13
12 14
13 15
14 15
8
12
0 1
0 2
0 4
1 3
1 7
2 3
2 6
3 5
4 5
4 6
5 7
6 7
128
448
0 1
0 2
0 4
0 8
0 16
0 32
0 64
1 3
1 5
1 9
1 17
1 33
1 65
2 3
2 6
2 10
2 18
2 34
2 66
3 7
3 11
3 19
3 35
3 67
4 5
4 6
4 12
4 20
4 36
4 68
5 7
5 13
5 21
5 37
5 69
6 7
6 14
6 22
6 38
6 70
7 15
7 23
7 39
7 71
8 9
8 10
8 12
8 24
8 40
8 72
9 11
9 13
9 25
9 41
9 73
10 11
10 14
10 26
10 42
10 74
11 15
11 27
11 43
11 75
12 13
12 14
12 28
12 44
12 76
13 15
13 29
13 45
13 77
14 15
14 30
14 46
14 78
15 31
15 47
15 79
16 17
16 18
16 20
16 24
16 48
16 80
17 19
17 21
17 25
17 49
17 81
18 19
18 22
18 26
18 50
18 82
19 23
19 27
19 51
19 83
20 21
20 22
20 28
20 52
20 84
21 23
21 29
21 53
21 85
22 23
22 30
22 54
22 86
23 31
23 55
23 87
24 25
24 26
24 28
24 56
24 88
25 27
25 29
25 57
25 89
26 27
26 30
26 58
26 90
27 31
27 59
27 91
28 29
28 30
28 60
28 92
29 31
29 61
29 93
30 31
30 62
30 94
31 63
31 95
32 33
32 34
32 36
32 40
32 48
32 96
33 35
33 37
33 41
33 49
33 97
34 35
34 38
34 42
34 50
34 98
35 39
35 43
35 51
35 99
36 37
36 38
36 44
36 52
36 100
37 39
37 45
37 53
37 101
38 39
38 46
38 54
38 102
39 47
39 55
39 103
40 41
40 42
40 44
40 56
40 104
41 43
41 45
41 57
41 105
42 43
42 46
42 58
42 106
43 47
43 59
43 107
44 45
44 46
44 60
44 108
45 47
45 61
45 109
46 47
46 62
46 110
47 63
47 111
48 49
48 50
48 52
48 56
48 112
49 51
49 53
49 57
49 113
50 51
50 54
50 58
50 114
51 55
51 59
51 115
52 53
52 54
52 60
52 116
53 55
53 61
53 117
54 55
54 62
54 118
55 63
55 119
56 57
56 58
56 60
56 120
57 59
57 61
57 121
58 59
58 62
58 122
59 63
59 123
60 61
60 62
60 124
61 63
61 125
62 63
62 126
63 127
64 65
64 66
64 68
64 72
64 80
64 96
65 67
65 69
65 73
65 81
65 97
66 67
66 70
66 74
66 82
66 98
67 71
67 75
67 83
67 99
68 69
68 70
68 76
68 84
68 100
69 71
69 77
69 85
69 101
70 71
70 78
70 86
70 102
71 79
71 87
71 103
72 73
72 74
72 76
72 88
72 104
73 75
73 77
73 89
73 105
74 75
74 78
74 90
74 106
75 79
75 91
75 107
76 77
76 78
76 92
76 108
77 79
77 93
77 109
78 79
78 94
78 110
79 95
79 111
80 81
80 82
80 84
80 88
80 112
81 83
81 85
81 89
81 113
82 83
82 86
82 90
82 114
83 87
83 91
83 115
84 85
84 86
84 92
84 116
85 87
85 93
85 117
86 87
86 94
86 118
87 95
87 119
88 89
88 90
88 92
88 120
89 91
89 93
89 121
90 91
90 94
90 122
91 95
91 123
92 93
92 94
92 124
93 95
93 125
94 95
94 126
95 127
96 97
96 98
96 100
96 104
96 112
97 99
97 101
97 105
97 113
98 99
98 102
98 106
98 114
99 103
99 107
99 115
100 101
100 102
100 108
100 116
101 103
101 109
101 117
102 103
102 110
102 118
103 111
103 119
104 105
104 106
104 108
104 120
105 107
105 109
105 121
106 107
106 110
106 122
107 111
107 123
108 109
108 110
108 124
109 111
109 125
110 111
110 126
111 127
112 113
112 114
112 116
112 120
113 115
113 117
113 121
114 115
114 118
114 122
115 119
115 123
116 117
116 118
116 124
117 119
117 125
118 119
118 126
119 127
120 121
120 122
120 124
121 123
121 125
122 123
122 126
123 127
124 125
124 126
125 127
126 127